10065
10075
10021
10154
11369
10020
10019
10012
10018
10111
10024
10003
10014
10009
11430
10119
10036
10017
10013
10025
10001
10023
10028
10174
10128
10002
11233
11101
10010
10016
10278
10199
10173
10022
10069
10115
11211
11231
10038
10282
10004
10170
10007
11106
10032
11201
11103
11371
10006
10027
11209
10011
10103
10165
10031
10168
10026
10167
10112
11215
10029
10458
10044
10035
11238
11102
11105
11418
10462
11204
11219
11109
10306
11205
10037
10030
11235
11374
11217
11432
11226
11228
11372
11354
11351
11104
10280
