10111
10007
10022
10003
10020
10173
10167
10065
10119
10017
10019
10009
10154
10012
11215
10038
10282
10028
10174
10013
11377
11106
10039
10001
11101
10002
11371
10170
10016
10014
10018
10011
10010
11231
10021
10075
11379
10023
10005
10278
10168
11104
11222
10036
10165
10128
10006
10026
10468
10004
10024
10025
11430
11369
11385
10069
11368
10032
07605
11225
10031
07087
11205
11217
11206
11201
10037
10199
11109
11211
11237
11221
10112
11102
11216
11219
06483
10030
10035
11370
11105
10029
11238
11692
11220
10115
10044
11367
10463
