New York
Jamaica
College Point
Brooklyn
Bronx
Flushing
Sunnyside
Astoria
Woodside
East Elmhurst
Maspeth
Kew Gardens
Long Island City
Newark
Newburgh
Elmhurst
