New York
Jamaica
Brooklyn
Flushing
East Elmhurst
Long Island City
Astoria
Jackson Heights
Woodside
Sunnyside
Corona
Bronx
Kew Gardens
