10024
10019
10003
10010
10013
10022
10016
10119
10018
10028
10075
11211
10011
10173
10168
10020
10023
10065
10012
10002
11206
10014
10004
10154
10036
10021
11103
10282
10278
11102
10029
10007
10009
10069
10111
11430
10112
10165
10025
10115
10174
11369
10467
10001
11104
10006
11109
10167
11385
07601
11371
10030
11226
11106
10038
11238
11201
10128
07094
10017
11222
10170
11415
10027
11101
11234
11215
11367
10199
10037
10103
10044
11221
07310
11374
11377
10035
11105
10031
11231
11229
10453
10472
10032
10026
10034
10280
10463
11217
11375
10462
